22171.979   2.2960      34.2927     0.0683      0.0039      
17861.689   1.8496      34.3537     0.0476      0.0063      
14389.465   1.4901      34.4081     0.0144      0.0145      
11592.406   1.2004      34.4758     -0.0352     0.0827      
9339.195    0.9671      34.0056     0.4484      0.8471      
7524.102    0.7791      32.7567     1.7212      2.7803      
6061.962    0.6277      31.2063     3.2771      4.4901      
4884.075    0.5058      29.6632     4.7952      5.8302      
3935.255    0.4075      28.2669     6.1781      6.9435      
3170.912    0.3284      26.9524     7.4292      7.7420      
2555.199    0.2646      25.8532     8.5491      8.5957      
2059.191    0.2132      24.9181     9.5127      9.2415      
1659.623    0.1719      23.9846     10.4316     9.9486      
1337.748    0.1385      23.1445     11.2768     10.6500     
1078.491    0.1117      22.2895     12.1372     11.2987     
869.608     0.0901      21.4350     12.9752     11.8068     
701.302     0.0726      20.6861     13.7000     12.1071     
565.762     0.0586      19.9715     14.4927     12.1018     
456.613     0.0473      19.3877     15.1333     11.7858     
368.660     0.0382      18.7200     15.7722     11.3926     
297.807     0.0308      18.2114     16.2194     11.0601     
240.720     0.0249      17.6997     16.7078     10.4915     
194.738     0.0202      17.2159     17.1598     10.0933     
157.707     0.0163      16.7759     17.6318     9.9639      
127.855     0.0132      16.3606     18.0567     9.6498      
103.829     0.0108      16.0032     18.4873     9.5011      
84.491      0.0087      15.5127     18.9751     9.2435      
68.868      0.0071      15.1099     19.4141     9.1870      
56.327      0.0058      14.6459     19.8329     9.1309      
46.193      0.0048      14.1247     20.2786     9.2292      
38.002      0.0039      13.6985     20.8792     9.4563      
30.528      0.0032      13.0694     21.4431     9.5643      
24.279      0.0025      12.3138     22.1953     9.7563      
19.212      0.0020      11.3702     23.1359     9.8127      
15.496      0.0016      10.4681     24.0579     9.6414      
12.583      0.0013      9.4557      25.0618     9.0653      
10.218      0.0011      8.4244      26.1050     8.0792      
8.318       0.0009      7.3734      27.1741     6.8374      
6.756       0.0007      6.4523      28.0670     5.4140      
