23416.772   2.2215      32.0814     -0.0011     0.0030      
18863.739   1.7896      32.0254     0.0471      0.0054      
15195.970   1.4416      32.0208     0.0915      0.0149      
12241.389   1.1613      32.0309     0.1107      0.1084      
9861.284    0.9355      31.5379     0.6131      0.9414      
7943.971    0.7536      30.2821     1.8999      2.6189      
6399.487    0.6071      28.8979     3.3326      4.0293      
5155.265    0.4891      27.4994     4.7371      5.1946      
4153.010    0.3940      26.3180     5.9342      6.0835      
3345.622    0.3174      25.1658     7.0676      6.7945      
2695.233    0.2557      24.2539     7.9918      7.3022      
2171.292    0.2060      23.4185     8.8134      7.6912      
1749.222    0.1659      22.7261     9.5039      7.7661      
1409.219    0.1337      22.1585     10.0829     7.8388      
1135.362    0.1077      21.6195     10.5976     7.7119      
914.715     0.0868      21.1042     11.1309     7.5731      
736.976     0.0699      20.6593     11.6011     7.6118      
593.803     0.0563      20.2336     12.0197     7.5274      
478.462     0.0454      19.6725     12.5623     7.5838      
385.555     0.0366      19.2611     12.9532     7.7169      
310.713     0.0295      18.7912     13.4466     7.6517      
250.411     0.0238      18.3355     13.9084     7.6201      
201.794     0.0191      17.8380     14.3891     7.6175      
162.678     0.0154      17.2778     14.9445     7.5687      
131.234     0.0124      16.8041     15.4240     7.5506      
105.811     0.0100      16.2588     15.9576     7.4141      
85.383      0.0081      15.7731     16.4628     7.3059      
68.835      0.0065      15.2881     17.0298     7.4198      
55.633      0.0053      14.8304     17.4750     7.4512      
44.973      0.0043      14.2799     18.0429     7.6314      
36.320      0.0034      13.7000     18.6375     7.8615      
29.808      0.0028      13.1615     19.2020     8.1893      
24.144      0.0023      12.4312     19.9124     8.3768      
19.639      0.0019      11.6002     20.7185     8.5058      
16.249      0.0015      10.7641     21.5306     8.5531      
13.573      0.0013      9.9351      22.3580     8.3543      
11.254      0.0011      8.9513      23.3533     7.7418      
9.336       0.0009      8.0006      24.3119     6.8084      
7.686       0.0007      7.0518      25.2681     5.6790      
