20808.603   1.6339      38.6468     0.0510      0.0166      
17377.143   1.3645      38.6621     0.0429      0.0411      
14511.482   1.1395      38.6363     0.0888      0.2604      
12118.304   0.9515      37.9134     0.8015      1.5253      
10119.714   0.7946      36.5541     2.1655      3.5387      
8450.662    0.6636      35.0389     3.6950      5.2434      
7056.799    0.5541      33.6467     5.1143      6.5383      
5892.775    0.4627      32.3082     6.5004      7.6949      
4920.654    0.3864      31.1214     7.7046      8.5417      
4108.843    0.3226      29.9819     8.8267      9.2708      
3430.859    0.2694      28.8684     9.9402      9.9749      
2864.704    0.2249      28.0088     10.8059     10.4649     
2391.864    0.1878      27.1516     11.6695     11.2940     
1996.959    0.1568      26.3515     12.4982     11.8775     
1667.223    0.1309      25.5382     13.3201     12.4684     
1391.836    0.1093      24.7394     14.0957     12.9633     
1161.838    0.0912      23.9451     14.8893     13.4157     
969.697     0.0761      23.1321     15.7157     14.2887     
809.348     0.0636      22.4093     16.4415     14.5525     
675.401     0.0530      21.6719     17.1668     14.8496     
563.573     0.0443      20.8649     17.9442     15.0945     
470.099     0.0369      20.0386     18.7819     15.5284     
392.125     0.0308      19.2272     19.6172     15.7578     
326.994     0.0257      18.4020     20.4457     15.9473     
272.567     0.0214      17.6524     21.2611     16.0485     
227.138     0.0178      16.6978     22.1958     16.0130     
189.241     0.0149      15.8247     22.9204     15.6076     
157.489     0.0124      15.1006     23.6805     14.9153     
131.008     0.0103      14.4165     24.3718     14.1437     
108.928     0.0086      13.8285     24.9628     13.2499     
90.456      0.0071      13.2825     25.5124     12.3716     
74.995      0.0059      12.8496     25.9502     11.5717     
62.191      0.0049      12.4855     26.3306     10.9719     
51.449      0.0040      12.1068     26.6884     10.4093     
42.450      0.0033      11.7829     27.0789     10.1402     
34.958      0.0027      11.3721     27.4557     9.9086      
28.695      0.0023      11.0195     27.7985     9.8748      
22.312      0.0018      10.3725     28.4199     9.6793      
17.119      0.0013      9.7041      29.2469     9.6014      
13.195      0.0010      8.9313      29.9995     9.2531      
10.063      0.0008      7.9722      30.9478     8.4718      
7.724       0.0006      6.9904      31.8625     7.2266      
