20788.692   1.5646      38.2037     0.0464      0.0276      
17360.070   1.3066      38.2317     -0.0039     0.0543      
14496.740   1.0911      38.2512     -0.0218     0.3339      
12105.581   0.9111      37.4564     0.7729      1.6472      
10108.645   0.7608      36.0954     2.1613      3.6803      
8440.973    0.6353      34.5459     3.7208      5.3875      
7048.263    0.5305      33.0075     5.2868      6.7950      
5885.202    0.4429      31.6796     6.6036      7.7773      
4913.885    0.3698      30.3719     7.9160      8.6215      
4102.745    0.3088      29.2026     9.0895      9.4119      
3425.323    0.2578      28.2135     10.0978     10.0160     
2859.635    0.2152      27.2999     11.0376     10.7719     
2387.187    0.1797      26.4081     11.8708     11.3858     
1992.647    0.1500      25.5879     12.6938     11.9031     
1663.145    0.1252      24.7740     13.4690     12.3794     
1387.986    0.1045      24.1236     14.2859     13.2632     
1158.178    0.0872      23.3940     15.0162     13.7437     
966.235     0.0727      22.7828     15.6252     14.1806     
805.980     0.0607      22.0085     16.3714     14.5593     
672.104     0.0506      21.2466     17.1527     14.8520     
560.408     0.0422      20.5456     17.8485     15.5063     
467.011     0.0351      19.7954     18.5826     15.7618     
389.102     0.0293      18.9714     19.4047     15.8634     
324.025     0.0244      18.1691     20.1972     15.4837     
269.643     0.0203      17.3936     20.9695     15.1295     
224.251     0.0169      16.7507     21.6491     14.4495     
186.346     0.0140      16.1856     22.2117     13.7945     
154.659     0.0116      15.6485     22.7090     13.1263     
128.241     0.0097      15.2226     23.1306     12.3226     
106.139     0.0080      14.8216     23.5200     11.7481     
87.721      0.0066      14.4621     23.9517     11.3720     
72.314      0.0054      14.1054     24.2743     10.9590     
59.441      0.0045      13.7802     24.6054     10.6823     
48.707      0.0037      13.3369     25.1019     10.5564     
39.716      0.0030      12.8556     25.5576     10.5205     
32.230      0.0024      12.3780     26.0068     10.4866     
25.972      0.0020      11.7724     26.6388     10.5598     
21.298      0.0016      11.2233     27.1568     10.4962     
17.654      0.0013      10.5867     27.7587     10.3844     
14.485      0.0011      9.8178      28.5068     10.0499     
12.109      0.0009      9.0632      29.2757     9.6005      
10.168      0.0008      8.2201      30.0943     8.7334      
8.584       0.0006      7.4461      30.8514     7.7131      
7.831       0.0006      7.0600      31.3823     7.1309      
