23539.364   1.5473      34.0146     -0.0047     0.0173      
19655.561   1.2920      34.0549     -0.0077     0.0487      
16412.141   1.0788      33.9352     0.1433      0.3260      
13703.489   0.9008      33.1767     0.9284      1.5518      
11441.440   0.7521      31.8959     2.1731      3.0530      
9552.369    0.6279      30.5715     3.5058      4.3218      
7974.763    0.5242      29.3077     4.7739      5.3002      
6657.295    0.4376      28.1484     5.9338      6.0617      
5557.027    0.3653      27.0399     7.0509      6.8354      
4638.200    0.3049      26.1540     7.9863      7.3386      
3870.844    0.2544      25.3786     8.8432      7.7796      
3230.056    0.2123      24.6534     9.6176      7.9033      
2694.885    0.1771      23.9775     10.2365     8.0776      
2247.967    0.1478      23.3920     10.7357     8.0043      
1874.720    0.1232      22.8441     11.3090     7.8616      
1563.031    0.1027      22.3781     11.7530     7.9040      
1302.714    0.0856      22.0053     12.1241     7.7842      
1085.244    0.0713      21.6969     12.4666     7.7177      
903.758     0.0594      21.2914     12.8578     7.7419      
752.153     0.0494      20.9518     13.1988     7.7558      
625.584     0.0411      20.4956     13.6639     7.7890      
519.788     0.0342      20.1291     14.0306     7.8923      
431.535     0.0284      19.7320     14.4380     7.9129      
357.819     0.0235      19.3245     14.8750     8.0551      
296.217     0.0195      18.8706     15.3247     7.9779      
244.800     0.0161      18.4759     15.7210     8.0511      
201.818     0.0133      17.9961     16.1998     7.9237      
165.969     0.0109      17.5213     16.6826     7.9010      
136.043     0.0089      17.0495     17.1326     7.8166      
111.007     0.0073      16.5028     17.6651     7.7602      
90.099      0.0059      16.0423     18.1352     7.6377      
72.601      0.0048      15.5886     18.6092     7.5502      
58.109      0.0038      15.0655     19.1054     7.6259      
45.950      0.0030      14.4925     19.6807     7.7009      
35.766      0.0024      13.8993     20.2890     8.0558      
27.241      0.0018      13.0273     21.1636     8.3683      
20.197      0.0013      12.0095     22.1723     8.7430      
17.280      0.0011      11.3929     22.7973     8.8509      
14.858      0.0010      10.6449     23.5495     8.7266      
13.287      0.0009      10.1314     24.0614     8.6249      
11.986      0.0008      9.5888      24.6122     8.3589      
10.730      0.0007      8.8173      25.3128     7.7281      
9.653       0.0006      8.3129      25.8116     7.2592      
8.666       0.0006      7.6681      26.4439     6.5457      
7.544       0.0005      6.8730      27.2414     5.4055      
