20909.991   1.6235      38.8985     0.0099      0.0219      
17460.974   1.3557      38.9116     -0.0030     0.0471      
14580.651   1.1321      38.8491     0.0927      0.2821      
12175.229   0.9453      38.1999     0.7800      1.6001      
10166.413   0.7894      36.8372     2.1591      3.6994      
8488.821    0.6591      35.2524     3.7474      5.4349      
7087.826    0.5503      33.7651     5.2648      6.8249      
5917.847    0.4595      32.3323     6.6993      7.9148      
4940.752    0.3836      31.0479     7.9614      8.8141      
4124.787    0.3203      29.9112     9.1098      9.6126      
3443.335    0.2674      28.8380     10.1874     10.3121     
2874.283    0.2232      27.9404     11.0885     10.9663     
2399.023    0.1863      27.1585     11.8853     11.5286     
2002.137    0.1555      26.3539     12.6993     12.4164     
1670.675    0.1297      25.6393     13.4281     12.8699     
1393.878    0.1082      24.7993     14.2679     13.3454     
1162.704    0.0903      24.0020     15.0590     14.0401     
969.619     0.0753      23.3024     15.8012     14.4477     
808.411     0.0628      22.4858     16.6137     14.9359     
673.778     0.0523      21.6959     17.4061     15.3804     
561.378     0.0436      20.8322     18.2778     15.8013     
467.426     0.0363      19.9777     19.1229     15.8445     
389.052     0.0302      19.0531     20.0222     16.0954     
323.589     0.0251      18.2502     20.8270     15.9859     
268.883     0.0209      17.3446     21.7690     15.8903     
223.222     0.0173      16.4649     22.6424     15.6627     
185.091     0.0144      15.5460     23.5710     15.5123     
153.256     0.0119      14.6293     24.5074     15.2857     
126.600     0.0098      13.7082     25.4341     15.2299     
104.407     0.0081      12.8152     26.3437     14.5927     
85.840      0.0067      12.0151     27.1682     13.7301     
70.300      0.0055      11.3236     27.8582     12.6555     
57.431      0.0045      10.6732     28.4923     11.4451     
46.633      0.0036      10.2066     28.9814     10.4298     
37.588      0.0029      9.7753      29.4151     9.6313      
30.058      0.0023      9.4002      29.7895     9.0609      
23.763      0.0018      9.0248      30.1394     8.6675      
17.228      0.0013      8.4750      30.6893     8.3534      
11.730      0.0009      7.7259      31.4410     7.9267      
7.506       0.0006      6.8481      32.3467     7.3082      
