22574.992   1.5684      34.9919     0.0055      0.0187      
18850.146   1.3097      35.0239     -0.0054     0.0458      
15739.474   1.0935      34.8901     0.1270      0.3084      
13141.681   0.9130      34.1597     0.8734      1.5109      
10972.215   0.7623      32.8808     2.1579      3.1386      
9160.460    0.6364      31.4821     3.5566      4.5765      
7647.423    0.5313      30.0890     4.9273      5.6996      
6383.876    0.4435      28.8544     6.1772      6.5417      
5328.640    0.3702      27.7402     7.2556      7.1603      
4447.376    0.3090      26.7275     8.2661      7.8478      
3711.469    0.2579      25.7836     9.2098      8.3178      
3096.865    0.2152      24.9856     10.0103     8.8773      
2583.598    0.1795      24.1636     10.8115     9.3360      
2154.928    0.1497      23.5468     11.4013     9.5574      
1797.044    0.1249      22.9258     12.0721     9.9185      
1498.068    0.1041      22.3872     12.6407     9.9469      
1248.362    0.0867      21.8435     13.1357     9.7663      
1039.966    0.0723      21.3274     13.6349     9.6448      
865.822     0.0602      20.8928     14.0572     9.6226      
720.379     0.0500      20.5163     14.4485     9.4644      
598.990     0.0416      20.0716     14.8815     9.3692      
497.610     0.0346      19.6755     15.2738     9.0387      
412.926     0.0287      19.2824     15.6680     9.0615      
342.184     0.0238      18.8451     16.1224     8.9120      
283.103     0.0197      18.4265     16.5200     8.8699      
233.790     0.0162      18.0315     17.0175     8.7843      
192.610     0.0134      17.5994     17.4380     8.6650      
158.229     0.0110      17.1899     17.8684     8.6496      
129.441     0.0090      16.7040     18.3401     8.5220      
105.473     0.0073      16.2450     18.7823     8.4235      
85.421      0.0059      15.7815     19.2505     8.2509      
68.725      0.0048      15.2790     19.7994     8.2404      
54.697      0.0038      14.7675     20.3200     8.3420      
43.079      0.0030      14.1588     20.9307     8.4930      
33.354      0.0023      13.4144     21.6454     8.7885      
25.178      0.0017      12.5714     22.4789     9.1261      
18.423      0.0013      11.3851     23.6421     9.3045      
15.583      0.0011      10.6179     24.4147     9.2369      
13.474      0.0009      9.9819      25.0663     9.0070      
12.097      0.0008      9.4200      25.6193     8.6796      
10.806      0.0008      8.7754      26.2105     8.1121      
9.774       0.0007      8.2566      26.7481     7.6274      
8.741       0.0006      7.6952      27.3415     6.9485      
7.751       0.0005      7.0402      27.9544     6.0266      
7.235       0.0005      6.6576      28.3454     5.4676      
