28383.941   1.5356      32.8468     -0.0061     0.0582      
22761.575   1.2314      32.8352     0.0156      0.0783      
18252.552   0.9875      32.4901     0.3743      0.6159      
14636.399   0.7918      31.2658     1.5971      2.1350      
11736.275   0.6349      29.7655     3.1235      3.5215      
9410.496    0.5091      28.3757     4.5042      4.3053      
7545.208    0.4082      27.2273     5.6983      4.7304      
6049.314    0.3273      26.2642     6.6507      4.8431      
4849.609    0.2624      25.4626     7.4503      4.9247      
3887.412    0.2103      24.8337     8.0813      5.0035      
3115.875    0.1686      24.2296     8.7041      5.1587      
2497.046    0.1351      23.6955     9.2275      5.2691      
2000.734    0.1082      23.2101     9.7249      5.5423      
1602.804    0.0867      22.7295     10.1949     5.8256      
1283.522    0.0694      22.1605     10.7688     6.0090      
1027.558    0.0556      21.6642     11.2672     6.1545      
822.276     0.0445      21.1505     11.7921     6.5399      
657.595     0.0356      20.6531     12.2956     6.7160      
525.614     0.0284      20.1782     12.8021     6.9886      
419.661     0.0227      19.5835     13.4000     7.0263      
334.718     0.0181      18.9652     14.0030     7.0986      
266.621     0.0144      18.3677     14.5991     7.1067      
212.012     0.0115      17.8206     15.1588     7.0888      
168.192     0.0091      17.2422     15.7438     7.0934      
133.032     0.0072      16.6817     16.2660     7.0180      
104.875     0.0057      16.1209     16.8166     6.9520      
82.303      0.0045      15.5565     17.3956     6.8555      
64.131      0.0035      14.9326     18.0222     6.8665      
49.650      0.0027      14.3756     18.5711     7.1023      
38.009      0.0021      13.7324     19.2469     7.3962      
28.640      0.0015      12.9336     20.0309     7.9275      
23.813      0.0013      12.2804     20.6866     8.2464      
20.074      0.0011      11.5906     21.3819     8.4293      
17.613      0.0010      11.0578     21.9135     8.5168      
15.531      0.0008      10.4493     22.5365     8.5125      
13.733      0.0007      9.9042      23.0958     8.4225      
12.124      0.0007      9.2931      23.7101     8.1778      
10.515      0.0006      8.5622      24.4353     7.7138      
9.048       0.0005      7.8079      25.1668     7.0638      
7.771       0.0004      7.0204      25.9528     6.1244        
