20334.823   2.3511      37.0920     0.0166      0.0088      
16379.888   1.8938      37.0319     0.0360      0.0171      
13193.926   1.5255      37.1559     -0.0002     0.0205      
10627.466   1.2288      37.1586     0.0051      0.0920      
8560.018    0.9897      36.7587     0.4178      0.9623      
6894.568    0.7972      35.3873     1.8215      3.1428      
5552.971    0.6420      33.6474     3.5312      5.2168      
4472.194    0.5171      32.0401     5.1494      6.6937      
3601.597    0.4164      30.6088     6.5920      7.9242      
2900.270    0.3353      29.3131     7.8957      9.1476      
2335.356    0.2700      28.1589     9.0984      9.9499      
1880.202    0.2174      27.0966     10.1665     10.9539     
1513.576    0.1750      26.1526     11.1333     11.8303     
1218.276    0.1409      25.2489     11.9998     12.6310     
980.316     0.1133      24.2326     13.0408     13.4972     
788.693     0.0912      23.2606     14.0131     14.1343     
634.301     0.0733      22.2131     15.0716     15.0108     
509.936     0.0590      21.2255     16.0538     15.3705     
409.707     0.0474      20.1237     17.0949     15.5982     
329.044     0.0380      19.0062     18.2287     15.9894     
264.072     0.0305      17.8949     19.3066     15.9944     
211.614     0.0245      16.7514     20.4285     16.1718     
169.500     0.0196      15.5611     21.6488     16.5911     
135.484     0.0157      14.2860     22.9726     16.6120     
108.131     0.0125      13.0634     24.1681     15.8123     
86.048      0.0099      12.0117     25.2282     14.2791     
68.303      0.0079      11.2186     26.0147     12.8647     
54.007      0.0062      10.5569     26.6913     11.3681     
42.462      0.0049      10.0219     27.2089     10.1943     
33.163      0.0038      9.5640      27.6614     9.4559      
25.725      0.0030      9.1221      28.1078     9.0060      
17.705      0.0020      8.3919      28.8388     8.5545      
11.351      0.0013      7.4603      29.7834     7.9744      
6.547       0.0008      6.1173      31.1272     6.5049      
