23773.703   2.1954      31.5753     0.0007      0.0097      
19150.515   1.7685      31.5774     0.0168      0.0128      
15426.231   1.4246      31.6599     0.0027      0.0269      
12426.125   1.1475      31.6010     0.0876      0.1880      
10009.346   0.9243      31.0023     0.7411      1.2281      
8062.490    0.7446      29.6944     2.0954      2.8399      
6494.209    0.5997      28.2922     3.5425      4.1260      
5230.815    0.4831      26.9586     4.8668      5.1867      
4213.117    0.3891      25.8190     6.0244      5.8441      
3393.288    0.3134      24.8690     6.9844      6.1363      
2732.923    0.2524      24.0530     7.7973      6.2748      
2200.863    0.2032      23.4170     8.4219      6.2821      
1772.335    0.1637      22.8990     8.9660      6.2553      
1427.094    0.1318      22.3695     9.4831      6.3651      
1148.926    0.1061      21.9141     9.9113      6.3953      
924.925     0.0854      21.4504     10.3882     6.5116      
744.446     0.0687      20.9607     10.8828     6.7425      
599.022     0.0553      20.4818     11.3601     6.8148      
481.904     0.0445      20.0161     11.8379     6.8824      
387.611     0.0358      19.4913     12.3602     6.9605      
311.616     0.0288      18.9818     12.8578     7.0831      
250.339     0.0231      18.4108     13.4078     7.1614      
201.064     0.0186      17.8830     13.9350     7.1710      
161.345     0.0149      17.4061     14.5590     7.2294      
129.326     0.0119      16.8399     15.1002     7.1013      
103.556     0.0096      16.2864     15.6269     7.0920      
82.859      0.0077      15.7739     16.1295     6.9405      
66.102      0.0061      15.2171     16.6993     6.9805      
52.605      0.0049      14.7100     17.2364     7.0745      
41.736      0.0039      14.1485     17.7975     7.2691      
33.040      0.0031      13.4752     18.4883     7.6225      
26.926      0.0025      12.8190     19.1148     7.9146      
22.216      0.0021      12.1618     19.7677     8.1615      
18.367      0.0017      11.3550     20.5870     8.2873      
15.332      0.0014      10.4986     21.4467     8.2161      
12.977      0.0012      9.6814      22.2807     7.9467      
11.075      0.0010      8.8457      23.1236     7.4106      
9.399       0.0009      7.9741      23.9887     6.6500      
7.860       0.0007      7.0784      24.8365     5.5397      
