21048.157   2.3901      36.5268     0.0124      0.0036      
16955.149   1.9254      36.5683     -0.0159     0.0057      
13657.960   1.5509      36.6630     -0.0642     0.0145      
11001.901   1.2493      36.6621     -0.0929     0.0802      
8862.274    1.0064      36.2473     0.3398      0.8520      
7138.681    0.8106      34.9128     1.7075      3.0014      
5750.247    0.6530      33.2471     3.4038      4.9777      
4631.738    0.5260      31.6554     5.0203      6.5563      
3730.747    0.4236      30.2224     6.4869      7.8622      
3004.935    0.3412      28.9084     7.8066      8.9050      
2420.260    0.2748      27.6844     8.9942      9.8432      
1949.296    0.2214      26.6582     10.0223     10.6718     
1569.870    0.1783      25.6567     11.0439     11.5218     
1264.181    0.1436      24.6998     12.0263     12.4602     
1017.993    0.1156      23.7539     12.9556     13.1820     
819.640     0.0931      22.8608     13.8365     13.7372     
659.858     0.0749      21.8050     14.8967     14.3808     
531.151     0.0603      20.8093     15.9195     14.7503     
427.464     0.0485      19.8735     16.8686     15.4154     
343.944     0.0391      18.8067     17.9414     15.4870     
276.664     0.0314      17.7986     18.9583     15.8595     
222.495     0.0253      16.6606     20.0705     16.1214     
178.750     0.0203      15.5285     21.2450     16.2211     
143.626     0.0163      14.4464     22.3499     15.9164     
115.319     0.0131      13.3826     23.3729     14.7336     
92.464      0.0105      12.5643     24.2093     13.3540     
74.100      0.0084      11.9130     24.8403     12.0058     
59.305      0.0067      11.3767     25.3714     10.8975     
47.357      0.0054      10.9861     25.7554     10.2634     
37.694      0.0043      10.5353     26.2136     9.6127      
29.995      0.0034      10.1102     26.6242     9.1806      
21.695      0.0025      9.4204      27.2390     8.8988      
14.919      0.0017      8.5596      28.0458     8.5095      
9.587       0.0011      7.4639      29.1823     7.7603      
5.898       0.0007      6.0619      30.5706     5.9813      
