23753.382   2.0530      31.2692     0.0064      0.0090      
19134.832   1.6538      31.2372     0.0846      0.0146      
15414.284   1.3323      31.3172     0.0208      0.0492      
12417.187   1.0732      31.1597     0.1611      0.4294      
10002.832   0.8646      30.1849     1.1748      1.8434      
8057.930    0.6965      28.8181     2.5568      3.2091      
6491.221    0.5610      27.4166     3.9582      4.1024      
5229.095    0.4520      26.3457     5.0341      4.6014      
4212.418    0.3641      25.3831     6.0140      4.8670      
3393.411    0.2933      24.6664     6.7286      5.0058      
2733.709    0.2363      23.9667     7.3818      5.1301      
2202.137    0.1903      23.4158     7.9209      5.1325      
1774.039    0.1533      22.9694     8.4454      5.2888      
1429.189    0.1235      22.4764     8.9385      5.5111      
1151.346    0.0995      22.0454     9.3428      5.7495      
927.524     0.0802      21.5611     9.8454      6.0842      
747.227     0.0646      21.0549     10.3700     6.1385      
601.994     0.0520      20.5646     10.8614     6.4263      
485.038     0.0419      20.0293     11.4085     6.6010      
390.749     0.0338      19.4628     11.9651     6.6953      
314.875     0.0272      18.9332     12.5081     6.8755      
253.660     0.0219      18.3836     13.0536     6.8783      
204.389     0.0177      17.8590     13.5671     7.0210      
164.710     0.0142      17.2433     14.2027     6.7962      
132.813     0.0115      16.7119     14.7355     6.7398      
106.934     0.0092      16.1971     15.2164     6.7165      
86.303      0.0075      15.6524     15.7643     6.6327      
69.472      0.0060      15.1106     16.2913     6.6556      
56.080      0.0048      14.5886     16.8453     6.7294      
45.266      0.0039      14.1105     17.3252     6.9762      
36.489      0.0032      13.4760     17.9549     7.1900      
29.748      0.0026      12.8993     18.5441     7.5017      
24.545      0.0021      12.2620     19.1784     7.7918      
20.111      0.0017      11.5194     19.9265     8.0506      
16.627      0.0014      10.7414     20.6805     8.0229      
13.731      0.0012      9.8476      21.5680     7.7808      
11.379      0.0010      8.9238      22.4873     7.3677      
9.433       0.0008      8.0247      23.3801     6.5173      
7.714       0.0007      7.0965      24.3222     5.4729      
7.533       0.0007      6.9263      24.4807     5.2253      
