23559.478   1.7306      31.5059     -0.0127     0.0115      
18979.756   1.3942      31.4771     0.0247      0.0277      
15290.568   1.1232      31.4260     0.1070      0.1803      
12318.697   0.9049      30.7359     0.7948      1.2007      
9924.664    0.7290      29.5331     2.0160      2.5129      
7996.131    0.5874      28.2994     3.2636      3.3808      
6442.564    0.4732      27.2225     4.3485      3.8173      
5191.106    0.3813      26.3281     5.2481      4.0576      
4182.986    0.3073      25.5747     6.0030      4.4043      
3370.873    0.2476      24.9378     6.6573      4.5640      
2716.633    0.1996      24.2908     7.2745      4.8026      
2189.670    0.1608      23.7344     7.8175      4.9649      
1765.130    0.1297      23.2355     8.3166      5.2380      
1423.138    0.1045      22.7124     8.8446      5.5903      
1147.633    0.0843      22.2177     9.3468      5.7945      
925.740     0.0680      21.6778     9.8891      6.0660      
746.960     0.0549      21.1515     10.4252     6.3844      
602.950     0.0443      20.6853     10.9902     6.5825      
486.933     0.0358      20.1457     11.4754     6.7236      
393.483     0.0289      19.5543     12.0480     6.7584      
318.203     0.0234      18.9826     12.6012     6.9219      
257.548     0.0189      18.4150     13.1495     6.8905      
208.692     0.0153      17.8956     13.7419     6.9025      
169.347     0.0124      17.3734     14.2329     6.8286      
137.629     0.0101      16.8613     14.7683     6.8151      
112.102     0.0082      16.3662     15.2661     6.7986      
91.510      0.0067      15.8291     15.7938     6.6914      
74.955      0.0055      15.3609     16.2737     6.7231      
61.586      0.0045      14.9228     16.6978     6.7351      
50.863      0.0037      14.4593     17.1226     6.8872      
42.205      0.0031      13.9544     17.6603     7.0064      
34.758      0.0026      13.4707     18.1442     7.2464      
28.611      0.0021      12.8710     18.7067     7.4422      
22.959      0.0017      12.0865     19.4789     7.8619      
18.697      0.0014      11.2919     20.2668     8.0006      
15.287      0.0011      10.4038     21.1507     7.9720      
12.550      0.0009      9.4686      22.0900     7.6219      
10.307      0.0008      8.5319      23.0277     7.0211      
8.423       0.0006      7.4614      24.0485     5.9212      
7.122       0.0005      6.6931      24.8103     4.9501      
