14942.014   2.2117      33.6701     -0.0003     0.0374      
12618.385   1.8678      33.7036     -0.0371     0.0393      
10655.914   1.5773      33.7063     -0.0430     0.0466      
8998.430    1.3319      33.7139     -0.0403     0.0686      
7598.606    1.1247      33.6032     0.0600      0.2234      
6416.288    0.9497      33.1247     0.5613      1.0126      
5417.774    0.8019      32.0731     1.5995      2.4891      
4574.403    0.6771      30.7405     2.9522      3.9099      
3862.167    0.5717      29.4628     4.2141      5.0226      
3260.607    0.4826      28.2924     5.4092      6.0415      
2752.508    0.4074      27.1911     6.5159      6.8082      
2323.390    0.3439      26.2508     7.4501      7.3895      
1960.993    0.2903      25.2738     8.4195      8.1122      
1654.938    0.2450      24.4464     9.2364      8.7133      
1396.424    0.2067      23.6761     10.0384     9.1456      
1178.063    0.1744      23.0002     10.7049     9.7989      
993.747     0.1471      22.2639     11.4341     10.2823     
837.964     0.1240      21.5402     12.1663     10.8397     
706.401     0.1046      20.8696     12.8335     11.2853     
595.341     0.0881      20.2660     13.4557     11.7468     
501.495     0.0742      19.5910     14.1279     11.5904     
422.258     0.0625      18.9891     14.7288     11.6456     
355.366     0.0526      18.4163     15.3079     11.3024     
298.811     0.0442      18.0202     15.7080     10.9365     
251.055     0.0372      17.5450     16.1817     10.6424     
210.732     0.0312      17.1328     16.5983     10.1854     
176.688     0.0262      16.7294     16.9878     9.8363      
147.983     0.0219      16.2988     17.4302     9.6281      
123.635     0.0183      15.9780     17.7548     9.2572      
103.132     0.0153      15.6149     18.0885     9.0844      
85.790      0.0127      15.2441     18.4830     8.9061      
71.181      0.0105      14.8636     18.8331     8.8080      
58.879      0.0087      14.4616     19.2453     8.9245      
48.371      0.0072      14.0025     19.7049     8.9828      
39.657      0.0059      13.5764     20.1454     9.2408      
32.182      0.0048      13.0498     20.7116     9.4577      
25.774      0.0038      12.4350     21.3485     9.6238      
21.119      0.0031      11.7209     22.0521     9.8024      
17.402      0.0026      10.9713     22.7633     9.8295      
14.711      0.0022      10.1985     23.5375     9.6502      
12.405      0.0018      9.3831      24.3726     9.3474      
10.653      0.0016      8.6044      25.1405     8.7115      
9.115       0.0013      7.7485      25.9911     7.8763      
7.749       0.0011      6.9481      26.8026     6.8043      
7.108       0.0011      6.5579      27.1729     6.2476      
