15681.745   2.1652      32.6645     -0.0152     0.0348      
13243.727   1.8286      32.7114     -0.0026     0.0374      
11184.691   1.5443      32.7506     -0.0216     0.0436      
9445.568    1.3042      32.7615     -0.0137     0.0676      
7976.787    1.1014      32.6437     0.1055      0.2284      
6736.310    0.9301      32.1297     0.6317      1.0418      
5688.596    0.7854      31.1180     1.6741      2.4204      
4803.752    0.6633      29.8701     2.9388      3.7029      
4056.454    0.5601      28.6580     4.1508      4.7652      
3425.280    0.4729      27.5377     5.2780      5.5790      
2892.168    0.3993      26.5639     6.2633      6.3166      
2441.969    0.3372      25.6244     7.2058      7.0312      
2061.687    0.2847      24.7877     8.0775      7.6194      
1740.565    0.2403      23.9451     8.9136      8.2490      
1469.326    0.2029      23.2131     9.6669      8.7267      
1240.215    0.1712      22.5250     10.3529     9.0654      
1046.735    0.1445      21.9087     10.9693     9.5280      
883.373     0.1220      21.2650     11.6226     9.7169      
745.289     0.1029      20.6761     12.1529     9.5769      
628.761     0.0868      20.2582     12.5487     9.5455      
530.341     0.0732      19.6717     13.0224     9.1519      
447.203     0.0617      19.2920     13.4804     9.0351      
376.973     0.0520      18.9388     13.8355     8.9076      
317.679     0.0439      18.5900     14.1939     8.7546      
267.572     0.0369      18.2097     14.5905     8.6115      
225.263     0.0311      17.8542     14.9369     8.5206      
189.543     0.0262      17.4863     15.3276     8.3301      
159.336     0.0220      17.1490     15.6568     8.3062      
133.879     0.0185      16.7756     16.0182     8.2278      
112.367     0.0155      16.4225     16.3855     8.1793      
94.170      0.0130      16.0103     16.8061     8.0737      
78.843      0.0109      15.6249     17.1867     7.9837      
65.845      0.0091      15.2684     17.5310     8.0398      
54.865      0.0076      14.8240     17.9950     8.0793      
45.677      0.0063      14.4196     18.4103     8.3144      
37.834      0.0052      13.9050     18.9323     8.5370      
31.246      0.0043      13.3279     19.4996     8.8268      
26.316      0.0036      12.7584     20.0602     9.0375      
22.192      0.0031      12.2080     20.6238     9.3754      
18.652      0.0026      11.4776     21.3644     9.5615      
15.649      0.0022      10.6734     22.1627     9.3740      
13.318      0.0018      9.8521      22.9731     9.2162      
11.346      0.0016      8.9989      23.8352     8.7172      
9.688       0.0013      8.1583      24.6685     7.9317      
8.209       0.0011      7.2253      25.5978     6.9096      
6.820       0.0009      6.3318      26.4942     5.6068      
