18692.693   2.0936      30.6832     0.0232      0.0574      
15728.917   1.7617      30.6961     0.0143      0.0590      
13235.083   1.4824      30.6790     0.0238      0.0672      
11136.606   1.2473      30.7288     -0.0251     0.1053      
9370.864    1.0496      30.5134     0.1882      0.3619      
7885.051    0.8831      29.8642     0.8433      1.2534      
6634.816    0.7431      28.7972     1.9315      2.4301      
5582.820    0.6253      27.7511     2.9895      3.2699      
4697.613    0.5261      26.7058     4.0378      3.8860      
3952.790    0.4427      25.7535     4.9137      4.1744      
3326.013    0.3725      24.9995     5.6602      4.3419      
2798.637    0.3135      24.3593     6.2973      4.4781      
2354.865    0.2638      23.8651     6.8056      4.5482      
1981.425    0.2219      23.3748     7.3086      4.6723      
1667.243    0.1867      22.9500     7.7333      4.8082      
1402.830    0.1571      22.5400     8.1474      4.9774      
1180.383    0.1322      22.1887     8.5072      5.0017      
993.173     0.1112      21.7710     8.9361      5.2756      
835.684     0.0936      21.3649     9.3296      5.4984      
703.104     0.0787      20.9807     9.6990      5.5714      
591.600     0.0663      20.5942     10.0907     5.7083      
497.761     0.0558      20.1329     10.5428     6.0201      
418.783     0.0469      19.7448     10.9258     6.0583      
352.283     0.0395      19.2948     11.3693     6.2384      
296.438     0.0332      18.9508     11.7583     6.3076      
249.378     0.0279      18.5003     12.1940     6.3726      
209.749     0.0235      18.0028     12.6826     6.4504      
176.475     0.0198      17.6097     13.0651     6.4641      
148.436     0.0166      17.1872     13.5005     6.4802      
124.836     0.0140      16.7057     13.9565     6.3483      
105.021     0.0118      16.2559     14.3735     6.3231      
88.244      0.0099      15.7914     14.8455     6.2732      
74.225      0.0083      15.4430     15.1805     6.3630      
62.495      0.0070      15.0346     15.5860     6.4406      
52.494      0.0059      14.6409     16.0205     6.5545      
44.082      0.0049      14.2233     16.4530     6.7643      
37.026      0.0041      13.7394     16.9257     7.0445      
31.137      0.0035      13.2424     17.4170     7.3678      
26.137      0.0029      12.6321     18.0342     7.6463      
21.978      0.0025      12.0642     18.5975     8.0457      
18.519      0.0021      11.3529     19.3069     8.2435      
15.435      0.0017      10.5070     20.1220     8.2562      
13.052      0.0015      9.7032      20.9546     8.1199      
10.996      0.0012      8.8446      21.8138     7.7041      
9.173       0.0010      7.8996      22.7533     6.9836      
7.584       0.0008      6.9029      23.7364     5.8955      
7.117       0.0008      6.6138      24.0470     5.5090      
