15855.287   1.5870      35.8435     -0.0001     0.0126      
12772.081   1.2784      35.8842     -0.0309     0.0478      
10288.354   1.0298      35.6414     0.2565      0.5616      
8287.582    0.8295      34.3577     1.5748      2.4686      
6675.831    0.6682      32.6555     3.3092      4.2141      
5377.472    0.5383      31.0032     4.9692      5.6114      
4331.584    0.4336      29.4978     6.4536      6.5872      
3489.027    0.3492      28.1146     7.8563      7.3919      
2810.293    0.2813      26.8709     9.0403      8.0377      
2263.579    0.2266      25.7893     10.0381     8.6579      
1823.151    0.1825      24.8457     11.0396     9.5041      
1468.350    0.1470      23.9616     11.9162     9.9595      
1182.534    0.1184      23.0708     12.7643     10.4956     
952.293     0.0953      22.2750     13.6358     11.0985     
766.813     0.0768      21.4455     14.4586     11.5964     
617.396     0.0618      20.6460     15.2718     12.0228     
497.065     0.0498      19.7322     16.2054     12.3580     
400.112     0.0400      18.8997     17.0617     12.6623     
322.006     0.0322      17.9833     17.9802     12.7003     
259.092     0.0259      17.0830     18.9190     12.9322     
208.380     0.0209      16.2127     19.7614     12.8495     
167.575     0.0168      15.3256     20.6373     12.7110     
134.653     0.0135      14.4670     21.5211     12.3801     
108.195     0.0108      13.7026     22.2801     11.5739     
86.871      0.0087      13.0428     22.9361     10.7816     
69.655      0.0070      12.4689     23.5244     9.9677      
55.822      0.0056      12.0298     23.9859     9.3620      
44.647      0.0045      11.6212     24.4052     8.9402      
35.646      0.0036      11.1887     24.8243     8.6974      
28.427      0.0028      10.7666     25.2433     8.6388      
22.598      0.0023      10.2449     25.7768     8.6242      
16.739      0.0017      9.4583      26.5060     8.5778      
12.540      0.0013      8.5597      27.3860     8.4528      
9.248       0.0009      7.5037      28.4225     7.8266      
6.983       0.0007      6.4485      29.4244     6.7603      
5.261       0.0005      5.4300      30.4677     5.3058      
