11071.083   2.0652      31.5756     0.0589      0.0115      
9610.098    1.7927      31.5553     0.0803      0.0126      
8341.989    1.5561      31.5650     0.0728      0.0164      
7241.303    1.3508      31.5877     0.0685      0.0283      
6285.905    1.1726      31.6318     0.0079      0.0928      
5456.628    1.0179      31.3888     0.2607      0.4203      
4736.826    0.8836      30.6756     0.9796      1.4100      
4112.023    0.7671      29.6866     1.9737      2.6346      
3569.737    0.6659      28.5618     3.0971      3.7360      
3099.033    0.5781      27.4720     4.1926      4.6497      
2690.481    0.5019      26.4427     5.1937      5.4835      
2335.804    0.4357      25.4846     6.1600      6.1956      
2028.006    0.3783      24.6037     7.0354      6.7116      
1760.847    0.3285      23.7718     7.8657      7.3175      
1528.882    0.2852      23.1336     8.4994      7.6848      
1327.594    0.2477      22.4660     9.1872      7.8535      
1152.911    0.2151      21.8560     9.7943      7.8779      
1001.204    0.1868      21.2785     10.3545     7.9601      
869.594     0.1622      20.8564     10.7645     7.9714      
755.294     0.1409      20.4928     11.1502     7.7701      
656.177     0.1224      20.0691     11.5704     7.6958      
570.031     0.1063      19.7885     11.8408     7.6176      
495.306     0.0924      19.4286     12.2119     7.5132      
430.453     0.0803      19.1453     12.4788     7.5233      
374.188     0.0698      18.8057     12.8580     7.4785      
325.316     0.0607      18.5176     13.1553     7.4131      
282.907     0.0528      18.2141     13.4573     7.4240      
246.076     0.0459      18.0259     13.6435     7.3506      
214.114     0.0399      17.6443     14.0313     7.3374      
186.402     0.0348      17.3515     14.3108     7.3366      
162.320     0.0303      17.0749     14.5885     7.2703      
141.426     0.0264      16.7768     14.8810     7.3396      
123.276     0.0230      16.5403     15.1646     7.2636      
107.516     0.0201      16.2456     15.4444     7.3165      
93.882      0.0175      15.9115     15.7792     7.1882      
82.018      0.0153      15.6679     16.0125     7.1749      
71.703      0.0134      15.3172     16.3802     7.2185      
62.805      0.0117      15.0240     16.6741     7.2796      
55.058      0.0103      14.6901     17.0267     7.4541      
48.285      0.0090      14.3904     17.2856     7.5386      
41.778      0.0078      13.9673     17.6927     7.7499      
35.492      0.0066      13.5868     18.0840     7.9716      
30.003      0.0056      13.0823     18.5925     8.2378      
24.646      0.0046      12.4007     19.2764     8.4484      
20.573      0.0038      11.6994     19.9714     8.6941      
17.165      0.0032      10.9765     20.6987     8.7568      
14.332      0.0027      10.0545     21.6069     8.5427      
11.985      0.0022      9.2189      22.4448     8.1771      
10.082      0.0019      8.2962      23.3929     7.5217      
8.311       0.0016      7.3264      24.3556     6.4601      
6.806       0.0013      6.4074      25.2892     5.1726      
5.921       0.0011      5.8412      25.8543     4.2833      
