21473.966   1.5933      31.1940     0.0182      0.0092      
18206.117   1.3509      31.1750     0.0589      0.0165      
15435.477   1.1453      31.1419     0.0993      0.0702      
13086.450   0.9710      30.8383     0.4066      0.4008      
11094.867   0.8232      30.1970     1.0573      0.9969      
9406.308    0.6979      29.4198     1.8493      1.5463      
7974.729    0.5917      28.6021     2.6619      2.0785      
6760.958    0.5017      27.8490     3.4166      2.4506      
5731.879    0.4253      27.0726     4.1837      2.8770      
4859.401    0.3606      26.4365     4.8360      3.1913      
4119.688    0.3057      25.8691     5.4092      3.3998      
3492.550    0.2591      25.2978     5.9946      3.7111      
2960.809    0.2197      24.8490     6.4507      3.9101      
2509.988    0.1862      24.3475     6.9656      4.2011      
2127.804    0.1579      23.9116     7.4055      4.4200      
1803.734    0.1338      23.4679     7.8251      4.7353      
1528.929    0.1134      23.0643     8.2113      4.8550      
1296.045    0.0962      22.6826     8.6077      5.1695      
1098.553    0.0815      22.2408     9.0791      5.4713      
931.128     0.0691      21.7469     9.5366      5.6240      
789.172     0.0586      21.3455     9.9385      5.8225      
668.779     0.0496      20.8981     10.3867     6.0356      
566.769     0.0421      20.5195     10.7717     5.9981      
480.221     0.0356      20.0962     11.2162     6.3581      
406.860     0.0302      19.6195     11.7184     6.3974      
344.709     0.0256      19.2438     12.1206     6.5362      
291.964     0.0217      18.8901     12.4756     6.5529      
247.251     0.0183      18.4567     12.9151     6.6233      
209.368     0.0155      17.9465     13.3944     6.5353      
177.240     0.0132      17.5562     13.8001     6.5333      
150.009     0.0111      17.0418     14.2761     6.4785      
126.858     0.0094      16.6564     14.6960     6.4532      
107.272     0.0080      16.2570     15.0756     6.5261      
90.692      0.0067      15.8881     15.4352     6.4312      
76.604      0.0057      15.5090     15.8315     6.4507      
64.621      0.0048      15.1416     16.2108     6.4873      
54.570      0.0040      14.6964     16.6577     6.5684      
45.980      0.0034      14.2633     17.0676     6.8579      
38.721      0.0029      13.8570     17.4645     6.9663      
32.536      0.0024      13.3277     18.0087     7.2918      
28.069      0.0021      12.8414     18.4921     7.6125      
24.590      0.0018      12.4117     18.9239     7.7364      
21.497      0.0016      11.9064     19.4409     8.0424      
18.705      0.0014      11.3852     19.9634     8.0576      
16.257      0.0012      10.6827     20.6598     8.1980      
14.195      0.0011      9.9824      21.3580     7.8940      
12.477      0.0009      9.4123      21.8949     7.6261      
10.802      0.0008      8.6658      22.6673     7.1604      
9.170       0.0007      7.8009      23.5504     6.3133      
7.753       0.0006      6.9511      24.3918     5.2786      
6.421       0.0005      6.0852      25.2615     4.0313      
6.206       0.0005      5.9406      25.3604     3.8272      
