20403.602   1.7287      30.9906     0.0124      0.0059      
17444.867   1.4780      30.9915     0.0205      0.0091      
14915.151   1.2637      30.9596     0.0693      0.0285      
12752.238   1.0804      30.8736     0.1689      0.1592      
10902.939   0.9237      30.4725     0.5648      0.6027      
9321.770    0.7898      29.7978     1.2436      1.1917      
7969.870    0.6752      29.0104     2.0391      1.7301      
6813.956    0.5773      28.2789     2.7780      2.1235      
5825.685    0.4936      27.5323     3.5101      2.5493      
4980.708    0.4220      26.8876     4.1444      2.7642      
4258.211    0.3608      26.2201     4.8157      3.0751      
3640.508    0.3084      25.7528     5.3164      3.3302      
3112.363    0.2637      25.1666     5.9002      3.6005      
2660.763    0.2254      24.6913     6.3857      3.8352      
2274.687    0.1927      24.2649     6.8414      4.1231      
1944.568    0.1647      23.8097     7.2915      4.3127      
1662.289    0.1408      23.4146     7.6797      4.6125      
1420.958    0.1204      22.9725     8.1205      4.8124      
1214.634    0.1029      22.6449     8.5149      5.0496      
1038.193    0.0880      22.2045     8.8643      5.2603      
887.372     0.0752      21.7699     9.2738      5.4676      
758.408     0.0643      21.3883     9.6401      5.7466      
648.172     0.0549      21.0369     9.9968      5.8631      
553.898     0.0469      20.6077     10.4399     6.1290      
473.273     0.0401      20.1965     10.8676     6.1921      
404.347     0.0343      19.7672     11.3077     6.4279      
345.397     0.0293      19.3860     11.6684     6.3620      
295.063     0.0250      18.9308     12.1223     6.4847      
251.984     0.0213      18.5163     12.5381     6.4934      
215.118     0.0182      18.0962     12.9505     6.4682      
183.602     0.0156      17.7146     13.3562     6.4823      
156.667     0.0133      17.3366     13.7336     6.4783      
133.676     0.0113      16.9014     14.1574     6.5230      
114.042     0.0097      16.5314     14.5335     6.4025      
97.218      0.0082      16.1854     14.8939     6.4172      
82.753      0.0070      15.8254     15.2566     6.4770      
70.464      0.0060      15.4636     15.6206     6.4861      
59.944      0.0051      15.0519     16.0337     6.6215      
50.965      0.0043      14.6765     16.4069     6.7918      
43.257      0.0037      14.2277     16.8658     6.9559      
37.135      0.0031      13.8212     17.2761     7.1927      
31.965      0.0027      13.3313     17.7477     7.4495      
27.386      0.0023      12.8846     18.1853     7.8184      
23.350      0.0020      12.3643     18.7226     8.0416      
19.450      0.0016      11.5900     19.4698     8.3322      
16.412      0.0014      10.8019     20.2740     8.3554      
13.963      0.0012      10.0322     21.0494     8.2534      
11.923      0.0010      9.2399      21.8346     7.8611      
10.063      0.0009      8.3154      22.7491     7.1630      
8.431       0.0007      7.3987      23.6613     6.2087      
6.980       0.0006      6.4138      24.6473     4.8138      
6.164       0.0005      5.9037      25.1584     4.0751      
