11244.415   1.9558      30.9704     0.0349      0.0128      
9759.081    1.6974      30.9589     0.0446      0.0145      
8469.799    1.4732      30.9594     0.0460      0.0198      
7350.690    1.2785      30.9356     0.0497      0.0378      
6379.341    1.1096      30.8711     0.1084      0.1422      
5536.217    0.9629      30.5163     0.4518      0.6562      
4804.442    0.8357      29.7650     1.2286      1.7721      
4169.208    0.7252      28.7265     2.2629      2.9432      
3617.822    0.6293      27.6522     3.3398      3.9161      
3139.259    0.5460      26.5988     4.3940      4.7343      
2723.885    0.4738      25.6151     5.3681      5.4356      
2363.376    0.4111      24.7523     6.2367      5.8729      
2050.350    0.3566      23.9778     7.0104      6.1894      
1778.685    0.3094      23.3696     7.6461      6.2065      
1542.937    0.2684      22.7441     8.2587      6.3196      
1338.243    0.2328      22.2634     8.7336      6.2405      
1160.599    0.2019      21.8020     9.1786      6.2080      
1006.403    0.1750      21.3889     9.5752      6.1096      
872.596     0.1518      21.0014     9.9387      6.1076      
756.432     0.1316      20.6464     10.2608     6.1844      
655.571     0.1140      20.4013     10.5658     6.1575      
568.121     0.0988      20.0778     10.9032     6.2298      
492.104     0.0856      19.8188     11.1532     6.3127      
426.168     0.0741      19.4604     11.5348     6.3565      
368.964     0.0642      19.1574     11.8453     6.3385      
319.276     0.0555      18.8306     12.1803     6.4099      
276.158     0.0480      18.5425     12.4476     6.5897      
238.667     0.0415      18.1426     12.8583     6.5026      
206.262     0.0359      17.8492     13.1594     6.5951      
177.997     0.0310      17.5091     13.5310     6.6085      
153.513     0.0267      17.1392     13.8608     6.6447      
132.315     0.0230      16.7777     14.2292     6.6396      
113.817     0.0198      16.4291     14.5661     6.6665      
97.839      0.0170      16.0625     14.9261     6.6219      
83.932      0.0146      15.7033     15.2555     6.5939      
71.915      0.0125      15.3312     15.6229     6.6580      
61.428      0.0107      14.9349     16.0072     6.7233      
52.337      0.0091      14.5876     16.3622     6.8708      
44.415      0.0077      14.2003     16.7426     7.0368      
37.619      0.0065      13.7063     17.2454     7.2644      
32.623      0.0057      13.3040     17.6293     7.5235      
28.528      0.0050      12.9207     18.0417     7.8245      
24.522      0.0043      12.4132     18.5443     8.0234      
21.102      0.0037      11.8702     19.0667     8.2149      
18.086      0.0031      11.2572     19.7031     8.3528      
15.476      0.0027      10.5131     20.4606     8.3346      
13.315      0.0023      9.7323      21.2370     8.0983      
11.515      0.0020      8.9114      22.0416     7.6791      
9.985       0.0017      8.2134      22.7534     7.0865      
8.545       0.0015      7.3725      23.5947     6.2583      
7.104       0.0012      6.4134      24.5544     5.0106      
5.799       0.0010      5.5303      25.4181     3.6156      
