18460.243   2.1329      30.4660     0.0089      0.0024      
15831.027   1.8291      30.4891     0.0071      0.0040      
13576.186   1.5686      30.4692     0.0278      0.0077      
11642.503   1.3452      30.4653     0.0251      0.0221      
9984.190    1.1536      30.4467     0.0460      0.1001      
8562.014    0.9892      30.1668     0.3422      0.5196      
7342.373    0.8483      29.4675     0.9718      1.2779      
6296.419    0.7275      28.5890     1.8457      1.9994      
5399.412    0.6238      27.7227     2.7119      2.5373      
4630.167    0.5350      26.9296     3.5094      2.9336      
3970.451    0.4587      26.1962     4.2345      3.2594      
3404.664    0.3934      25.5282     4.8946      3.4511      
2919.466    0.3373      24.9573     5.4474      3.5894      
2503.365    0.2892      24.4172     5.9744      3.7417      
2146.528    0.2480      23.9443     6.4575      3.9351      
1840.556    0.2127      23.5709     6.8317      4.0750      
1578.064    0.1823      23.1582     7.2506      4.3510      
1352.959    0.1563      22.7762     7.6183      4.4502      
1159.978    0.1340      22.5273     8.0007      4.7064      
994.460     0.1149      22.0417     8.4719      4.8777      
852.483     0.0985      21.6943     8.8119      5.2193      
730.768     0.0844      21.3411     9.1697      5.3345      
626.362     0.0724      20.9238     9.5834      5.5687      
536.818     0.0620      20.5271     9.9836      5.7923      
460.014     0.0531      20.2248     10.2920     5.9526      
394.194     0.0455      19.8086     10.7103     6.0135      
337.699     0.0390      19.3751     11.1359     6.0818      
289.280     0.0334      18.9279     11.5686     6.2912      
247.740     0.0286      18.5575     11.9332     6.3353      
212.107     0.0245      18.1587     12.3417     6.3831      
181.597     0.0210      17.7307     12.7609     6.3256      
155.380     0.0180      17.3015     13.1748     6.3679      
132.948     0.0154      16.8951     13.5901     6.3097      
113.701     0.0131      16.5133     13.9753     6.2238      
97.177      0.0112      16.1245     14.3787     6.2246      
82.961      0.0096      15.7697     14.7315     6.2290      
70.821      0.0082      15.4026     15.0904     6.2289      
60.436      0.0070      15.0470     15.4445     6.4188      
51.436      0.0059      14.6358     15.8527     6.5493      
43.774      0.0051      14.2232     16.2964     6.7535      
38.143      0.0044      13.8203     16.6838     6.8916      
33.112      0.0038      13.4537     17.0407     7.2031      
28.496      0.0033      12.9518     17.5682     7.5589      
24.296      0.0028      12.4195     18.0904     7.8403      
20.880      0.0024      11.8392     18.6813     8.0897      
17.741      0.0020      11.1894     19.3229     8.2066      
15.110      0.0017      10.4312     20.0853     8.1708      
12.803      0.0015      9.5818      20.9242     7.9259      
10.910      0.0013      8.7225      21.8034     7.4047      
9.249       0.0011      7.8587      22.6456     6.5679      
7.772       0.0009      6.9521      23.5737     5.5111      
6.341       0.0007      5.9837      24.4827     4.0749      
5.741       0.0007      5.5140      24.9598     3.3593      
