0.012, 21.5719, 0.6193, 1.5553e-05, 0.1145
0.024, 21.6457, 0.6258, 1.5347e-05, 0.1134
0.048, 21.6176, 0.6337, 1.5398e-05, 0.1148
0.096, 22.1074, 0.6608, 1.5360e-05, 0.1179
0.192, 21.6234, 0.6642, 1.5450e-05, 0.1188
0.384, 21.5275, 0.6799, 1.5359e-05, 0.1211
0.768, 21.5437, 0.6955, 1.5452e-05, 0.1277
1.800, 21.4121, 0.7117, 1.5373e-05, 0.1417
3.372, 21.4255, 0.7099, 1.5440e-05, 0.1725
4.515, 21.4513, 0.7037, 1.5246e-05, 0.1875
9.015, 21.3635, 0.6877, 1.5166e-05, 0.2603
12.875, 21.4812, 0.6861, 1.5973e-05, 0.3138
