33246.531   1.9603      31.6245     -0.0199     0.0264      
27762.265   1.6370      31.6574     -0.0159     0.0315      
23182.392   1.3669      31.7614     -0.0625     0.0484      
19357.584   1.1414      31.7197     0.0077      0.1717      
16163.413   0.9530      31.1914     0.5382      0.7418      
13495.912   0.7958      30.3305     1.4138      1.5401      
11268.285   0.6644      29.5160     2.2635      2.1145      
9407.864    0.5547      28.7344     3.0349      2.5716      
7854.208    0.4631      27.9633     3.8179      2.9180      
6556.760    0.3866      27.2980     4.5159      3.1364      
5473.199    0.3227      26.7431     5.0944      3.3726      
4568.362    0.2694      26.1803     5.6587      3.6026      
3812.663    0.2248      25.7784     6.0729      3.7911      
3181.583    0.1876      25.2147     6.6248      4.0759      
2654.533    0.1565      24.7795     7.0876      4.3034      
2214.405    0.1306      24.4085     7.4630      4.5599      
1846.882    0.1089      23.9117     7.9497      4.8223      
1539.864    0.0908      23.4430     8.4298      4.9865      
1283.529    0.0757      23.0354     8.8291      5.3161      
1069.453    0.0631      22.5264     9.3482      5.6768      
890.728     0.0525      22.1164     9.7924      5.9089      
741.274     0.0437      21.6255     10.2584     6.0641      
616.654     0.0364      21.0612     10.8173     6.1784      
512.562     0.0302      20.5764     11.3008     6.4682      
425.639     0.0251      20.1158     11.7911     6.6178      
353.034     0.0208      19.5866     12.3148     6.6716      
292.340     0.0172      19.0800     12.8121     6.7630      
241.656     0.0142      18.5870     13.3342     6.8054      
199.398     0.0118      18.1202     13.8155     6.8186      
164.109     0.0097      17.5697     14.3596     6.7890      
134.586     0.0079      17.0436     14.8724     6.7510      
109.877     0.0065      16.5305     15.4226     6.7039      
89.413      0.0053      16.0090     15.9623     6.7312      
72.118      0.0043      15.4639     16.4817     6.7705      
57.863      0.0034      14.9553     16.9806     6.7431      
45.825      0.0027      14.3437     17.6002     7.0533      
35.752      0.0021      13.6402     18.2858     7.3945      
29.353      0.0017      13.0631     18.8756     7.8149      
23.968      0.0014      12.3576     19.5788     8.0742      
19.723      0.0012      11.5205     20.4118     8.3128      
16.555      0.0010      10.7521     21.1794     8.5299      
14.021      0.0008      9.9471      21.9977     8.3750      
11.867      0.0007      9.1330      22.8071     8.0618      
9.903       0.0006      8.2562      23.6960     7.4289      
8.699       0.0005      7.6258      24.3196     6.8272
