19163.316   2.2331      36.1963     0.0413      0.0555      
16184.762   1.8860      36.2873     -0.0095     0.0563      
13669.160   1.5929      36.3473     -0.0701     0.0648      
11544.507   1.3453      36.3677     -0.0895     0.0895      
9750.027    1.1362      36.2760     0.0195      0.2504      
8234.577    0.9596      35.7475     0.5700      1.2055      
6954.628    0.8104      34.6971     1.6854      2.9995      
5873.493    0.6844      33.3351     3.0603      4.7148      
4960.620    0.5781      31.8637     4.5083      6.0513      
4189.453    0.4882      30.6240     5.7651      7.1526      
3538.144    0.4123      29.3443     7.0326      8.0751      
2988.132    0.3482      28.3263     8.1080      8.9874      
2523.537    0.2941      27.1982     9.1490      9.8530      
2131.273    0.2484      26.2891     10.0558     10.5145     
1799.842    0.2097      25.5946     10.7691     11.1898     
1519.935    0.1771      24.7086     11.6712     11.8796     
1283.559    0.1496      23.9716     12.4150     12.3628     
1083.977    0.1263      23.1611     13.2246     12.9263     
915.332     0.1067      22.3954     13.9993     13.4870     
772.915     0.0901      21.6719     14.7377     14.0420     
652.673     0.0761      20.9672     15.4691     14.8917     
551.158     0.0642      20.1822     16.2613     15.2941     
465.357     0.0542      19.5021     16.9461     15.7718     
392.862     0.0458      18.7084     17.7212     15.6391     
331.646     0.0386      18.0178     18.4152     15.3415     
279.957     0.0326      17.3778     19.0714     14.8408     
236.317     0.0275      16.7925     19.6496     14.0933     
199.467     0.0232      16.3337     20.1218     13.4115     
168.367     0.0196      15.8951     20.5763     12.8677     
142.030     0.0166      15.5185     20.9603     12.2502     
119.799     0.0140      15.1282     21.3418     11.7688     
101.128     0.0118      14.7819     21.7148     11.3230     
85.194      0.0099      14.4070     22.0988     10.9955     
71.834      0.0084      14.0939     22.4124     10.7939     
60.554      0.0071      13.7581     22.7620     10.6059     
50.972      0.0059      13.4199     23.1088     10.5032     
42.923      0.0050      13.0601     23.4633     10.4760     
32.520      0.0038      12.3627     24.1439     10.4474     
24.471      0.0029      11.5855     24.9220     10.5977     
17.791      0.0021      10.4692     26.0427     10.5433     
13.137      0.0015      9.3634      27.1759     10.2042     
9.851       0.0011      8.0615      28.4538     8.9903      
7.333       0.0009      6.8923      29.6313     7.2900
