26157.353   2.2079      31.4551     -0.0126     0.0076      
22009.290   1.8578      31.4357     0.0204      0.0102      
18518.951   1.5632      31.3902     0.0627      0.0177      
15581.884   1.3153      31.3693     0.0895      0.0539      
13110.639   1.1067      31.3382     0.1166      0.3178      
11031.113   0.9311      30.6888     0.7840      1.2791      
9281.300    0.7834      29.6262     1.8385      2.5545      
7808.940    0.6592      28.4483     3.0205      3.4845      
6570.015    0.5546      27.4175     4.0694      4.1391      
5527.571    0.4666      26.4480     5.0628      4.5370      
4650.342    0.3925      25.6083     5.8913      4.7152      
3912.167    0.3302      24.9229     6.5615      4.7998      
3291.135    0.2778      24.3951     7.0796      4.8592      
2768.408    0.2337      23.8738     7.5684      4.8447      
2328.813    0.1966      23.4028     7.9920      4.9524      
1958.679    0.1653      23.0585     8.3435      5.0777      
1647.345    0.1391      22.6656     8.7383      5.2162      
1385.328    0.1169      22.2574     9.1432      5.4259      
1164.909    0.0983      21.9786     9.4965      5.6118      
979.351     0.0827      21.5406     9.9264      5.7928      
823.292     0.0695      21.1485     10.3255     5.9689      
691.956     0.0584      20.7502     10.7249     6.1516      
581.420     0.0491      20.3337     11.1308     6.3966      
488.347     0.0412      19.9403     11.5438     6.4653      
410.186     0.0346      19.4690     11.9870     6.5809      
344.322     0.0291      19.0818     12.3726     6.6761      
288.988     0.0244      18.5566     12.8844     6.8081      
242.354     0.0205      18.1497     13.3016     6.7545      
202.979     0.0171      17.7173     13.7449     6.8535      
170.014     0.0144      17.2863     14.1676     6.7161      
142.348     0.0120      16.7894     14.6668     6.6958      
118.801     0.0100      16.3625     15.1004     6.6013      
99.310      0.0084      15.9194     15.5451     6.5841      
82.697      0.0070      15.4770     15.9714     6.5547      
68.831      0.0058      15.0397     16.4141     6.5051      
57.058      0.0048      14.5970     16.8715     6.6209      
47.181      0.0040      14.1364     17.3254     6.6963      
38.940      0.0033      13.6660     17.7966     6.9719      
31.484      0.0027      13.0558     18.4547     7.2450      
25.336      0.0021      12.3704     19.1556     7.6532      
20.430      0.0017      11.5635     19.9651     8.0071      
16.571      0.0014      10.6852     20.8384     8.0887      
13.628      0.0012      9.8162      21.7675     8.0031      
11.208      0.0009      8.8277      22.6604     7.5285      
9.180       0.0008      7.8925      23.5855     6.7500      
8.919       0.0008      7.7688      23.7102     6.6658
