21898.618   2.0577      32.6138     0.0081      0.0065      
18496.030   1.7380      32.6485     -0.0374     0.0089      
15622.300   1.4680      32.6946     -0.0853     0.0161      
13195.177   1.2399      32.5550     0.0808      0.0483      
11145.293   1.0473      32.4232     0.2298      0.2762      
9414.037    0.8846      31.8298     0.8244      1.2142      
7951.808    0.7472      30.8132     1.8297      2.5766      
6716.823    0.6312      29.5785     3.0715      3.7874      
5673.804    0.5331      28.4110     4.2307      4.8453      
4792.977    0.4504      27.3023     5.3514      5.6573      
4049.008    0.3805      26.1982     6.4325      6.4243      
3420.632    0.3214      25.3171     7.3087      6.9974      
2889.959    0.2716      24.6326     8.1473      7.4152      
2441.727    0.2294      23.9352     8.8430      7.6928      
2063.175    0.1939      23.2898     9.4849      7.6702      
1743.482    0.1638      22.7666     10.0000     7.6911      
1473.455    0.1385      22.2595     10.5060     7.6611      
1245.398    0.1170      21.8515     10.9135     7.6710      
1052.807    0.0989      21.3812     11.2874     7.4502      
890.114     0.0836      21.0139     11.6431     7.5486      
752.755     0.0707      20.6828     12.0032     7.5085      
636.787     0.0598      20.3461     12.3649     7.4026      
538.772     0.0506      20.0407     12.6912     7.4558      
455.893     0.0428      19.6212     13.0911     7.5360      
386.025     0.0363      19.2923     13.4397     7.4973      
326.978     0.0307      18.9045     13.8747     7.5859      
277.125     0.0260      18.5324     14.1513     7.5368      
234.967     0.0221      18.1637     14.4896     7.5014      
199.439     0.0187      17.7207     14.9017     7.4737      
169.477     0.0159      17.3113     15.2904     7.4027      
144.019     0.0135      17.0467     15.6006     7.4926      
122.565     0.0115      16.6172     16.0538     7.4355      
104.425     0.0098      16.2938     16.4293     7.3114      
89.226      0.0084      15.8926     16.7972     7.2958      
76.340      0.0072      15.5236     17.1092     7.2660      
65.332      0.0061      15.1531     17.4913     7.3363      
56.199      0.0053      14.7744     17.8483     7.2971      
46.379      0.0044      14.2977     18.3222     7.4366      
37.434      0.0035      13.6882     18.9309     7.7058      
29.616      0.0028      13.0010     19.6037     8.0042      
23.236      0.0022      12.1112     20.4836     8.3913      
18.106      0.0017      11.1227     21.4572     8.5218      
14.353      0.0013      10.1428     22.4353     8.5190      
11.288      0.0011      9.0169      23.5840     8.0129      
8.974       0.0008      7.9289      24.7427     7.1490
