32261.046   2.3158      31.3569     -0.0489     0.0144      
26976.972   1.9365      31.4762     -0.1075     0.0167      
22558.228   1.6193      31.5053     -0.1352     0.0235      
18863.022   1.3540      31.5501     -0.1706     0.0496      
15772.864   1.1322      31.4161     -0.0198     0.2526      
13188.750   0.9467      30.7193     0.6963      1.1493      
11027.878   0.7916      29.7217     1.7497      2.3053      
9220.612    0.6619      28.6197     2.8401      3.1448      
7709.448    0.5534      27.6558     3.8338      3.7110      
6445.723    0.4627      26.8022     4.6941      4.0562      
5388.909    0.3868      26.1440     5.3769      4.2738      
4505.186    0.3234      25.4966     6.0258      4.5113      
3766.028    0.2703      24.9308     6.6186      4.5912      
3148.074    0.2260      24.4651     7.0894      4.8313      
2631.316    0.1889      24.0001     7.5626      4.9770      
2199.103    0.1579      23.5885     7.9586      5.1419      
1837.624    0.1319      23.1759     8.3765      5.3877      
1535.326    0.1102      22.7326     8.8187      5.6176      
1282.659    0.0921      22.3564     9.2223      5.7965      
1071.296    0.0769      21.9697     9.6181      5.9405      
894.525     0.0642      21.5421     10.0524     6.2215      
746.733     0.0536      21.1470     10.4576     6.2312      
623.206     0.0447      20.6941     10.9193     6.5715      
519.752     0.0373      20.2288     11.3974     6.7361      
433.335     0.0311      19.7888     11.8283     6.8422      
361.052     0.0259      19.2729     12.3391     6.9489      
300.579     0.0216      18.8203     12.8154     6.9534      
250.046     0.0179      18.4027     13.2503     6.9616      
207.773     0.0149      17.9170     13.7598     6.8832      
172.342     0.0124      17.4772     14.2271     7.0431      
142.912     0.0103      17.0829     14.6391     6.9115      
118.194     0.0085      16.5604     15.1022     6.8343      
97.477      0.0070      16.0182     15.6188     6.7270      
80.246      0.0058      15.6031     16.0412     6.7141      
65.725      0.0047      15.1057     16.5678     6.6637      
53.591      0.0038      14.6313     17.0214     6.7668      
43.459      0.0031      14.0600     17.5562     6.8795      
35.392      0.0025      13.5628     18.0858     7.1157      
28.744      0.0021      12.9350     18.7078     7.4315      
23.000      0.0017      12.1613     19.4538     7.7607      
18.547      0.0013      11.3966     20.3225     8.0558      
14.933      0.0011      10.4308     21.2912     8.0510      
12.093      0.0009      9.3590      22.3635     7.7024      
9.899       0.0007      8.3337      23.3877     6.9993
