17521.485   2.3184      39.6021     -0.1507     0.0693      
14796.520   1.9578      39.7481     -0.2737     0.0693      
12495.092   1.6533      39.8221     -0.3425     0.0785      
10551.329   1.3961      39.8153     -0.3342     0.1057      
8909.677    1.1789      39.6711     -0.1895     0.2982      
7523.200    0.9954      39.0804     0.4127      1.4065      
6352.223    0.8405      37.7297     1.7976      3.5459      
5363.135    0.7096      36.2396     3.2906      5.5279      
4527.933    0.5991      34.5710     4.8282      7.1944      
3822.471    0.5058      33.2445     6.2565      8.5528      
3226.614    0.4269      31.9927     7.4984      9.7301      
2723.428    0.3604      30.7188     8.7637      10.8740     
2298.388    0.3041      29.6363     9.8337      11.5182     
1939.471    0.2566      28.6524     10.8253     12.5070     
1636.257    0.2165      27.7412     11.7084     13.2918     
1380.232    0.1826      26.9183     12.6089     14.0635     
1163.980    0.1540      26.0919     13.4616     14.9374     
981.390     0.1299      25.1955     14.3124     15.5845     
827.103     0.1094      24.3239     15.2296     16.2967     
696.811     0.0922      23.4947     16.0506     16.9499     
586.807     0.0776      22.5931     16.9538     17.6802     
493.884     0.0653      21.6520     17.8683     18.0532     
415.388     0.0550      20.7087     18.8307     18.0948     
349.115     0.0462      19.7487     19.7819     18.3261     
293.111     0.0388      18.7245     20.7806     18.6473     
245.823     0.0325      17.7419     21.7615     18.8992     
205.899     0.0272      16.5748     22.9165     19.2900     
172.236     0.0228      15.4167     24.0846     19.8214     
143.733     0.0190      14.0322     25.4727     20.0345     
119.588     0.0158      12.8395     26.6528     19.4468     
99.251      0.0131      11.7008     27.8389     18.0877     
82.169      0.0109      10.7761     28.7537     16.3080     
67.592      0.0089      10.0259     29.5015     14.4880     
55.419      0.0073      9.3968      30.1352     12.7862     
45.150      0.0060      8.9228      30.5949     11.3996     
36.334      0.0048      8.4776      31.0627     10.4414     
28.970      0.0038      8.0500      31.4868     9.7247      
20.755      0.0027      7.5137      32.0050     8.9061      
12.840      0.0017      6.7715      32.7769     8.2599      
5.827       0.0008      5.5523      34.0071     6.9262
